,0,1,2,3,4,5,6,7,8,9,10,11,12,13,14,15,16,17,18,19
0,-0.25005418,0.059795063,0.009158412,-0.4391078,-0.09833209,0.18574505,-0.19638109,0.4042672,-0.0053264266,0.1603069,0.21025231,-0.24679603,0.19043629,-0.07488031,-0.2760833,-0.19221346,0.23508973,-0.07497623,-0.29959005,0.24146456
1,-0.08675727,0.060839232,-0.07424304,-0.37983173,-0.25841987,-0.08789375,-0.16704834,0.22224738,-0.006490659,0.007523845,0.17596701,-0.18506852,0.25360286,-0.13653734,-0.40452266,-0.24511199,-0.083285585,-0.24021326,0.062484346,0.4966392
2,-0.42582136,0.26142985,-0.061543036,-0.05899873,-0.020831637,-0.0037540009,0.08006898,0.069301605,0.111467004,0.04612327,0.14911595,-0.2592154,0.18835318,0.034877647,-0.38694203,-0.31690872,0.40201488,-0.25190872,-0.33831945,0.032208472
3,-0.04572746,0.044461016,-0.1534196,-0.2546634,-0.19952789,-0.25978437,-0.13273448,0.4448696,0.16198616,0.14604177,0.14758916,-0.15432169,0.26050097,-0.014605971,0.021608565,0.029185578,0.07964347,-0.34766796,-0.1415963,0.52430016
4,-0.033699237,-0.121312134,-0.023057662,-0.3740217,-0.5218818,0.16335507,-0.13223605,0.17960447,0.009330533,0.19644488,-0.027423566,-0.14110081,0.36737388,-0.38417497,-0.05631368,-0.09006652,-0.15233295,-0.24017774,-0.104698226,0.22339517
5,-0.16083674,0.09870897,-0.26668328,-0.6365873,-0.26854178,0.24332446,0.094899155,0.03922962,-0.10604082,0.117424786,0.12628224,-0.36550337,0.096580766,-0.002221534,-0.17478384,-0.12524883,-0.08216406,-0.21738638,-0.21402918,0.12727736
6,-0.5459606,0.1734808,0.056467857,-0.05792247,-0.05888115,-0.078944765,-0.070279114,0.20118636,0.3599422,-0.007988261,0.20485637,-0.05542497,0.2372063,-0.28050098,-0.07555759,-0.0993071,0.4761035,-0.2285004,0.0770568,0.013037704
7,-0.19058457,-0.03113969,-0.1356755,-0.3517021,-0.13437581,-0.07348315,-0.3950351,0.2826349,-0.049897574,0.14420111,0.43038106,0.00015220742,-0.1633784,-0.078138165,-0.20548943,-0.02782039,0.10780741,-0.28481266,-0.10319148,0.41655153
8,-0.10780512,0.42492825,0.030055562,-0.10661334,-0.33655083,0.1097676,0.20499597,0.067830965,-0.01567951,0.35866877,0.1550989,-0.38652018,-0.01962596,-0.3961206,-0.22116718,-0.16280961,0.22383246,-0.1065978,0.14758398,0.0727878
9,0.013212505,0.056228362,-0.09413434,0.0074534495,0.012333914,0.06585542,0.03729653,0.32196403,0.099604286,0.17394955,0.54790413,-0.07344638,0.26064625,-0.06864606,-0.41877952,0.013480751,0.12158656,-0.07243547,-0.5118901,0.046526626
10,0.053157866,0.43844992,-0.4162015,-0.32397276,-0.26311103,0.07021454,0.051479716,0.24578407,0.05571763,0.12982449,0.3048447,0.059410512,0.0811249,-0.24384567,-0.21169926,-0.30900323,0.2421045,-0.020139161,0.08689694,0.014314604
11,-0.15205456,-0.032525938,-0.044569314,-0.35484034,-0.14820479,0.14827503,0.072460346,0.15899223,0.14168423,0.3297305,0.2194407,-0.54561925,0.17695297,0.06675747,0.08174757,0.053899284,0.09824022,-0.16470367,-0.45133635,0.11381252
12,0.036128666,0.35009786,-0.098590024,-0.5261694,-0.34037173,0.03907707,-0.26012275,-0.14027075,0.20960648,0.3735306,0.19343734,-0.03743521,0.07430507,-0.1279922,-0.031528857,-0.15422091,-0.19724467,-0.06376002,-0.15042526,0.22421643
13,-0.24435817,0.051085755,-0.11513907,-0.32147637,-0.14241567,-0.052902114,-0.074433126,0.5013235,0.10563091,0.17111593,-0.015212381,0.08085388,-0.032923497,0.07221048,-0.013769937,-0.39984784,0.029534582,-0.5303594,-0.1228825,0.17407437
14,-0.3058321,0.34362194,-0.14625303,-0.049125094,-0.175043,0.0064744772,0.06281278,-0.058138642,0.21211298,-0.122375,0.34128213,-0.18974131,0.3562556,-0.043337323,-0.42687166,0.04951268,0.14495471,0.039631296,-0.2690638,0.32510343
15,-0.3441629,-0.13141999,-0.25029084,-0.35343033,-0.12519707,0.22851725,-0.13719524,0.179014,0.47148997,0.08328712,0.107179984,-0.39404243,0.067403354,-0.096764356,-0.15448709,-0.3007148,0.028675975,0.093119845,0.07212795,-0.13807438
16,-0.35386357,0.10503869,-0.24887729,-0.15650822,-0.5607618,0.10390426,0.15282674,0.35868663,0.21830755,0.080906205,0.06490609,-0.13260305,-0.051699314,0.037739545,-0.051468305,-0.09029993,0.12992822,-0.35736337,-0.25386813,-0.010549821
17,-0.27884457,0.29289863,-0.024777157,-0.19533744,-0.1741967,0.19481905,-0.3380649,0.25321895,0.007134908,-0.019775815,0.07758218,0.039625358,0.5521634,0.08301059,0.013326031,-0.083874606,0.38119364,-0.23208155,0.08826813,0.13037728
18,-0.2426594,0.07551831,-0.24930573,0.10747745,0.062648796,0.14547023,-0.0491091,0.2530943,0.19155444,0.3309011,-0.0025116194,-0.5316595,-0.054159302,-0.31518275,-0.19024768,0.033297345,-0.005914171,-0.3520636,0.015078451,0.2784054
19,-0.016211903,-0.0049364744,0.03152931,-0.2446865,-0.084653065,0.08554736,-0.17721242,0.42817035,0.34895158,0.04788436,0.42365757,0.15567276,0.39926994,-0.2992208,-0.16662578,0.04296634,0.30814484,-0.088629164,0.017609883,-0.013058342
20,-0.3150231,0.42833444,-0.15047772,-0.017287437,-0.093143776,0.03216371,-0.15748912,0.170544,-0.07695457,0.1914717,0.29208183,0.02206134,0.3869222,0.10668993,-0.15121551,0.0028610781,0.13867176,-0.27775574,-0.46174482,0.093888886
21,-0.4658697,0.21682626,-0.07556856,-0.38721675,-0.073431976,0.10547415,-0.019065896,0.128117,0.27951014,-0.054638974,0.25255856,0.091214634,0.47628918,-0.19292109,-0.10123163,-0.097087614,0.09079782,0.022182649,0.046692844,0.31485295
22,-0.18259752,0.08079691,0.0644033,0.13202344,-0.094817236,0.10593352,-0.029198127,0.4167013,-0.0018500016,0.16630736,-0.06416519,-0.13883325,0.32897827,-0.3179233,-0.3019965,-0.24529126,0.48970103,-0.2168709,-0.21161623,-0.022378853
23,-0.14815237,0.25641495,-0.22976722,-0.12345517,-0.016122947,0.22116742,-0.39776093,0.036925115,0.058553148,0.33774504,0.045751404,-0.017802386,0.497361,-0.029680459,0.06669501,-0.056748316,0.27503276,-0.022781517,-0.4271818,-0.03227675
24,-0.30094466,0.1896799,-0.023811277,0.0042970744,0.0039591603,-0.03296382,-0.19477962,0.0991814,0.41522947,0.25268728,-0.014797511,-0.231441,0.2976231,-0.26870462,-0.004263971,-0.12566379,0.45049593,0.08286051,-0.37056637,-0.10107796
25,-0.19278362,-0.10945762,-0.39278334,-0.31473845,0.012073947,0.074549206,-0.022059573,0.20198472,0.27627257,0.41834402,0.24864396,-0.15000927,0.3332513,-0.014593841,-0.21760032,-0.29551917,0.07934473,0.09784848,0.14517695,0.17878668
26,-0.101351336,-0.13466598,0.13728552,-0.05150931,-0.6192525,0.14036703,-0.26615185,0.15332204,0.005956677,0.25029135,0.25393003,-0.06696244,-0.0070573404,-0.35815638,-0.10378748,0.029066311,0.14268193,-0.04477145,-0.1748602,0.35783315
27,0.07156584,0.2915404,-0.05562985,-0.20442618,-0.055597678,0.22717363,0.15628335,0.2956321,0.21309593,0.13760394,0.24639495,-0.15879305,0.07516477,-0.45106325,0.21173036,-0.43900374,0.1385351,-0.08890583,0.07034253,0.2636276
28,-0.28656524,0.015192476,-0.40196264,0.13674869,-0.22081724,0.2356642,-0.10545076,0.18445687,0.06719244,0.16240546,-0.011631791,-0.25760064,0.06495777,-0.037018962,-0.028425846,-0.42289236,-0.06776539,0.06923339,-0.39393342,0.37515962
29,-0.544309,-0.0054002795,-0.2731525,-0.18049678,-0.11420755,0.35638425,-0.3062224,0.06488497,-0.05621347,-0.044394627,-0.07511265,-0.17783314,0.035753988,-0.25166616,0.1279653,-0.15643077,0.23953106,-0.02059009,-0.12102685,0.37170953
30,-0.12629713,0.07727028,-0.38712326,0.018040331,-0.30133465,0.13277303,-0.43089092,0.021888375,0.35378307,0.24600832,0.12138102,-0.2484621,0.40670255,-0.036057852,-0.07904993,-0.17074439,-0.016687078,-0.14964244,0.20152354,-0.07595504
31,-0.17693363,-0.009468217,-0.19240746,-0.43108517,-0.31981155,0.26953992,-0.04055507,0.14924257,-0.05733114,0.18017393,0.4071557,-0.09128315,-0.22243482,-0.007766068,-0.17657338,0.05832191,0.3471927,-0.12854974,-0.32289216,0.10769541
32,-0.0027031782,-0.16594341,-0.34712616,0.18729983,-0.2544883,0.10783601,-0.2579189,0.09341971,0.2732793,0.067794606,0.12474067,-0.11421279,0.33404765,-0.098718755,-0.07725329,-0.20456327,0.11173333,-0.57666314,-0.11271592,0.17457317
33,-0.04674245,0.16845433,-0.014524096,-0.28030318,0.062076405,0.16092324,-0.33737132,0.26036507,0.13284735,0.18077725,0.07001792,0.009604708,-0.039026167,-0.67657584,0.099182494,-0.17822352,0.013001883,-0.06532576,-0.18267833,0.2920413
34,-0.012731741,0.28620493,0.020781353,0.07268185,-0.28202575,0.4905213,-0.22615983,0.019528443,0.38577682,0.13142207,0.2988381,-0.08795254,0.15514886,-0.07227157,-0.23306866,-0.096250206,-0.09395441,-0.40597475,-0.022983955,-0.10170975
35,-0.3090369,0.3019737,0.03173031,-0.24517114,-0.037720732,0.39839414,-0.10530218,0.3452293,0.40952176,0.008378591,0.20464416,-0.31534097,0.0052679204,-0.009654786,-0.28536755,-0.12285196,-0.0070589194,-0.006691854,-0.17298828,-0.16129024
36,0.00617715,-0.1702032,-0.278426,-0.058829594,-0.12436854,0.4667426,0.039354645,0.15263586,0.5823187,-0.13287939,0.038974006,-0.27754256,0.034012526,-0.114133425,-0.13345835,-0.21475485,0.21203965,-0.065978065,-0.262336,0.017298153
37,-0.16029058,-0.12640332,-0.043830518,-0.2322455,0.09589149,0.23505016,-0.07221474,-0.13142297,0.07533358,0.51410383,0.54104674,-0.16875578,0.13309307,-0.02493682,-0.09922002,-0.32865185,0.24000643,-0.102500506,-0.0050064027,0.14150813
38,-0.2643436,0.34108075,-0.40227354,-0.30923095,-0.117499396,0.12672554,-0.3296724,0.3106259,0.10805098,0.0001364006,-0.038788922,0.04012157,-0.080112904,-0.50943214,0.02502158,-0.10237387,0.09996131,-0.024617312,0.0298264,0.1340817
39,-0.063372254,0.3261712,-0.14954877,0.089441516,0.16461317,0.2954089,-0.06371284,0.23509009,0.2910826,0.20617802,0.1594049,-0.1575736,0.10508839,-0.3168883,0.23965742,-0.11340744,0.11273552,-0.25740457,-0.029624548,0.49644786
40,0.09007825,0.24472186,0.09476592,-0.38153395,-0.1577158,-0.097229555,-0.21325608,0.05296648,0.3129027,0.21493398,0.1510195,-0.33892727,0.06558101,-0.14228103,0.06677841,0.11014705,0.23205094,-0.24548954,-0.41727197,0.28928977
41,0.07300731,-0.16324478,-0.30221835,-0.12993357,-0.1312581,0.060681596,-0.30078915,-0.05085636,0.2773341,-0.12334771,-0.03739642,-0.18506046,0.10494386,-0.1279857,-0.3311632,-0.4792704,0.17057808,-0.306544,-0.31861794,0.1634322
42,-0.1347853,-0.11744714,-0.2521207,-0.4267271,-0.15138914,0.014798883,-0.42859754,-0.023527287,0.3103389,0.19945687,-0.120714255,-0.016781602,0.103271134,-0.14742859,-0.41279948,-0.3555186,0.13685386,-0.09065114,-0.025158439,-0.08525118
43,-0.5524602,0.27995867,-0.01568089,-0.14256726,-0.15754688,0.10639235,-0.20941104,0.027215334,-0.013986342,0.27485827,0.0011588437,-0.28410327,-0.083691314,-0.57571495,-0.02323474,0.0018801953,0.023277238,-0.052517977,-0.12739196,0.011095925
44,0.03257555,-0.108733416,-0.27071187,-0.09648093,-0.06645263,0.2484475,0.02439158,-0.05175144,0.3908819,0.22513174,0.0632122,0.00627543,0.13364233,0.09307748,-0.18691766,-0.28852633,0.46799257,-0.2206277,0.012319625,0.46372876
45,-0.11695491,0.13274217,-0.20556258,-0.06311078,-0.44038373,0.37938428,0.1326332,0.2296038,-0.049509898,0.046898663,-0.011451971,-0.16274466,0.22209774,-0.065258324,0.03368521,-0.38966393,0.26955083,-0.012546743,0.12123483,0.43467554
46,-0.38717142,0.24322286,-0.2659589,0.108491935,-0.0012336461,0.17928164,-0.18121414,0.12928517,0.13823198,0.42456308,0.14250925,-0.34939644,-0.23780167,-0.06792827,-0.18694676,-0.21472578,0.12578735,-0.17405628,-0.3104519,0.016503096
47,-0.07565333,0.08808745,0.15845525,-0.12686984,-0.1285028,0.22666237,0.032382518,0.12231302,0.49865517,0.36339092,0.27996847,-0.17877251,0.029709185,0.1216772,-0.48014444,-0.13397117,0.08499812,-0.039638605,0.07345434,0.30331028
48,-0.08409179,0.33903113,0.055487465,-0.30562723,-0.48166218,0.019888543,-0.15353064,0.038917594,0.31186375,0.26845255,0.06357135,-0.07620818,-0.10996479,0.038765684,0.14818448,-0.37083134,0.21462941,-0.18030633,-0.3039355,0.028674519
49,-0.13009657,0.43182617,-0.53325605,0.032816686,-0.2372863,0.050004117,-0.08095892,0.31507808,0.12010015,0.098549515,0.17019911,-0.011705491,-0.14211172,-0.1575272,-0.239939,-0.39935523,0.066201285,0.06700717,-0.10182747,0.10945459
50,0.05060297,0.05632842,-0.10362869,-0.040167235,0.0014038979,0.43844348,-0.54200387,-0.10176551,0.046682168,0.14314611,0.437026,-0.141614,0.166143,-0.15516861,-0.05208251,-0.24760382,0.08121364,-0.3565692,-0.009805719,0.048002094
51,-0.037626505,-0.03588357,0.20907985,-0.10957686,-0.28792453,0.24495578,-0.23264806,0.14990789,0.17115268,0.24255693,0.03389945,-0.46288556,0.3691423,-0.12717445,0.07658144,0.015646221,0.14966366,-0.16419517,-0.12084051,0.44274592
52,-0.108578704,0.15048264,0.0046641943,-0.10567187,-0.05625146,0.3692861,0.027734485,0.058640856,0.038778625,-0.047377326,-0.05375875,0.09416594,0.4383219,-0.30205724,-0.52301717,-0.033713773,0.1952882,-0.04950806,-0.18567996,0.40250894
53,-0.026435927,0.16661966,-0.024521137,-0.02652381,-0.1607773,0.30358136,-0.2628936,0.15418887,-0.0920707,0.17205982,-0.059595548,-0.03908725,0.351878,-0.09712831,-0.08217897,0.012161153,0.50605357,-0.4875608,-0.23969406,0.15736157
54,-0.09588728,0.30821952,-0.5609336,-0.0970959,0.072962135,0.16074866,-0.062331956,0.48899662,0.23306862,-0.04500985,-0.0017865621,-0.21573582,0.08045802,-0.20221488,-0.11532588,0.119404905,0.073335014,-0.1959049,0.1342379,0.24078064
55,-0.019865643,0.34979522,-0.11574391,0.025568783,0.04248814,0.13556607,-0.0073088068,0.27570942,0.09512323,0.11312733,0.3200465,-0.2530162,-0.12575509,-0.23399161,0.1101196,-0.49951196,0.019836754,0.0066499687,-0.39866266,0.29508978
56,0.07137423,0.1305682,-0.1347788,-0.29820713,-0.32275346,0.012268032,-0.30061516,-0.0047086948,0.21306811,0.27072948,0.3879396,-0.07309153,-0.108670406,-0.41216826,0.02064284,0.04389225,0.42989096,-0.07205184,-0.14448121,0.08126389
57,0.032514963,-0.03700988,-0.15187524,-0.033934206,0.030217009,0.14853811,-0.12754592,0.556526,0.03932452,0.24450898,0.0011688645,0.015518848,0.32409772,-0.3496853,-0.37659568,0.008518463,0.17263047,-0.06385321,-0.36750376,0.1570443
58,-0.20038629,-0.15113062,-0.019432174,-0.24640334,0.075491644,0.3369875,-0.1841553,0.07647088,0.12367638,-0.033597097,0.544514,-0.41679034,0.0152273495,-0.19243038,-0.055182055,-0.32747504,0.122840345,-0.057611633,-0.20235044,-0.15283026
59,0.022264091,0.09284784,0.10420975,-0.2189226,-0.12859003,0.067109086,-0.30242115,0.05909779,0.34450656,0.03202376,0.048332375,-0.17012846,-0.041525222,-0.0955182,-0.5913887,-0.31032294,-0.07960773,-0.33434603,-0.2994504,0.020795304
60,-0.07687422,0.030348184,-0.061729718,0.011914124,0.012419074,0.09251355,-0.46741155,0.10778178,0.4224011,0.3623456,0.16570117,0.11022498,0.17824188,-0.39759707,-0.12267155,-0.08260888,0.13845341,0.08082897,-0.39734304,0.07602415
61,-0.1462759,0.331862,-0.15296721,-0.3612999,0.03850722,0.27555552,-0.20915763,-0.13951814,0.3537677,-0.06890026,0.12048059,-0.087939754,0.46232823,-0.26265624,-0.080531105,0.053718053,0.14036208,0.121071674,-0.28616706,0.115769796
62,-0.29722407,0.007073595,-0.20475778,0.06505091,-0.08491599,0.47595486,0.014457806,0.15291937,-0.036429487,0.02747128,0.10185745,-0.28903762,0.27930835,-0.09196855,-0.04901164,0.03340366,0.032407515,-0.3196353,-0.060799405,0.56143665
63,-0.083595544,0.0053699543,0.12597862,-0.057017412,-0.6063433,0.19207726,-0.044505518,0.4441932,0.19955005,0.2887361,-0.085795745,-0.06636777,0.08702413,-0.1596301,0.1553454,-0.23886187,0.0011926153,-0.25492588,-0.2362128,0.006752717
64,-0.039857056,-0.08021778,-0.14051291,-0.19598496,-0.011054302,-0.050061636,-0.3048343,-0.10593639,0.03809088,0.046202533,0.3023262,-0.09050702,0.054695137,-0.53550136,-0.074980035,-0.52064896,0.167717,-0.19897348,-0.295527,0.048612885
